1 146.5 66.5
2 0 0
3 80.5 69
4 116 79
5 146 108
6 0 0
7 0 0
8 118.5 132
1 0 0
2 61.5 57.5
3 97 70
4 138 55.5
5 0 0
6 0 0
7 102 127
8 138.5 100.5
1 0 0
2 82.5 67.5
3 125.5 68.5
4 0 0
5 0 0
6 86 107.5
7 127 113
8 0 0
1 98 81
2 145 83
3 0 0
4 0 0 
5 99 125
6 143 137
7 0 0
8 0 0
1 122 72
2 181 64.5
3 0 0
4 0 0
5 122 124
6 172.5 113.5
7 0 0 
8 0 0
1 134 93.5
2 0 0 
3 0 0 
4 97 93
5 134.5 137.5
6 0 0
7 0 0
8 96.5 129
1 143.5 80.5
2 0 0 
3 93.5 81.5
4 119 86.5
5 144 113.5
6 0 0
7 0 0
8 119 127
1 0 0
2 75 91.5
3 98 97
4 130.5 90.5
5 0 0
6 0 0
7 0 0
8 131.5 129
1 76 68.5
2 91.5 74
3 126 69
4 0 0
5 0 0
6 92.5 115
7 127 105
8 0 0
1 91.5 55.5
2 127 24
3 0 0
4 43.5 36.5
5 103 95
6 128 66
7 0 0
8 0 0